0: 34(10), 35(9), 
1: 24(0), 
2: 33(7), 34(8), 28(6), 
3: 28(5), 26(4), 
4: 27(5), 17(6), 16(4), 
5: 34(0), 
6: 34(9), 36(8), 
7: 22(5), 18(4), 20(3), 23(2), 31(1), 
8: 18(3), 27(4), 34(0), 25(2), 
9: 23(1), 29(2), 30(3), 
10: 17(7), 35(8), 33(6), 36(5), 
11: 34(0), 20(2), 18(1), 
12: 36(7), 22(6), 24(0), 
13: 17(0), 34(0), 
15: 31(2), 21(1), 
16: 4(4), 
17: 4(6), 10(7), 13(0), 
18: 7(4), 8(3), 11(1), 
20: 7(3), 11(2), 
21: 15(1), 
22: 12(6), 7(5), 
23: 7(2), 9(1), 
24: 1(0), 12(0), 
25: 8(2), 
26: 3(4), 
27: 8(4), 4(5), 
28: 2(6), 3(5), 
29: 9(2), 
30: 9(3), 
31: 7(1), 15(2), 
33: 2(7), 10(6), 
34: 0(10), 6(9), 2(8), 5(0), 8(0), 11(0), 13(0), 
35: 10(8), 0(9), 
36: 6(8), 12(7), 10(5), 
